0.200000 0.022935
0.400000 0.003171
0.600000 0.031258
0.800000 0.017105
1.000000 0.044679
1.200000 0.036828
1.400000 0.057564
1.600000 0.055093
1.800000 0.063318
2.000000 0.064185
2.200000 0.056161
2.400000 0.057916
2.600000 0.032817
2.800000 0.033356
3.000000 0.006264
3.200000 0.008070
3.400000 0.056456
3.600000 0.060421
3.800000 0.109446
4.000000 0.114078
4.200000 0.154604
4.400000 0.157481
4.600000 0.181024
4.800000 0.179448
5.000000 0.179853
5.200000 0.171632
5.400000 0.146434
5.600000 0.130623
5.800000 0.081819
6.000000 0.059223
6.200000 0.006723
6.400000 0.033402
6.600000 0.106384
6.800000 0.132836
7.000000 0.200651
7.200000 0.221655
7.400000 0.272039
7.600000 0.282453
7.800000 0.305268
8.000000 0.301134
8.200000 0.290314
8.400000 0.269852
8.600000 0.224759
8.800000 0.189040
9.000000 0.114938
9.200000 0.068056
9.400000 0.024423
9.600000 0.075745
9.800000 0.172109
10.000000 0.219477
10.200000 0.303643
10.400000 0.338360
10.600000 0.395334
10.800000 0.409970
11.000000 0.428488
11.200000 0.418363
11.400000 0.393029
11.600000 0.357334
11.800000 0.289870
12.000000 0.232177
12.200000 0.131517
12.400000 0.059545
12.600000 0.059304
12.800000 0.134681
13.000000 0.252866
13.200000 0.319263
13.400000 0.417074
13.600000 0.462624
13.800000 0.522775
14.000000 0.538227
14.200000 0.548881
14.400000 0.529387
14.600000 0.486397
14.800000 0.432665
15.000000 0.340626
15.200000 0.259188
15.400000 0.131059
15.600000 0.033548
15.800000 0.111139
16.000000 0.209625
16.200000 0.347739
16.400000 0.430976
16.600000 0.539487
16.800000 0.592793
17.000000 0.652599
17.200000 0.665400
17.400000 0.664662
17.600000 0.632507
17.800000 0.568900
18.000000 0.494548
18.200000 0.376020
18.400000 0.269381
18.600000 0.113232
18.800000 0.009907
19.000000 0.179531
19.200000 0.299832
19.400000 0.455667
19.600000 0.553277
19.800000 0.669326
20.000000 0.727148
