0.200000 5.628783 5.651717
0.400000 5.308281 5.311452
0.600000 4.728177 4.759435
0.800000 4.000570 4.017675
1.000000 3.071064 3.115743
1.200000 2.052768 2.089596
1.400000 0.922580 0.980144
1.600000 -0.223477 -0.168384
1.800000 -1.373517 -1.310199
2.000000 -2.463965 -2.399780
2.200000 -3.449851 -3.393690
2.400000 -4.310219 -4.252304
2.600000 -4.974208 -4.941392
2.800000 -5.466838 -5.433482
3.000000 -5.702693 -5.708957
3.200000 -5.748763 -5.756833
3.400000 -5.518747 -5.575203
3.600000 -5.110886 -5.171307
3.800000 -4.451801 -4.561247
4.000000 -3.655267 -3.769345
4.200000 -2.672567 -2.827171
4.400000 -1.614805 -1.772286
4.600000 -0.465722 -0.646746
4.800000 0.684025 0.504577
5.000000 1.815638 1.635785
5.200000 2.873412 2.701779
5.400000 3.806496 3.660062
5.600000 4.603052 4.472430
5.800000 5.188315 5.106496
6.000000 5.596205 5.536982
6.200000 5.740003 5.746726
6.400000 5.693964 5.727366
6.600000 5.373291 5.479675
6.800000 4.880690 5.013526
7.000000 4.146852 4.347503
7.200000 3.286504 3.508159
7.400000 2.256917 2.528956
7.600000 1.166479 1.448932
7.800000 0.005875 0.311143
8.000000 -1.140184 -0.839050
8.200000 -2.246107 -1.955793
8.400000 -3.264417 -2.994565
8.600000 -4.138711 -3.913952
8.800000 -4.866343 -4.677303
9.000000 -5.369122 -5.254185
9.200000 -5.689654 -5.621598
9.400000 -5.740474 -5.764897
9.600000 -5.602621 -5.678367
9.800000 -5.193350 -5.365458
10.000000 -4.619169 -4.838646
10.200000 -3.815289 -4.118932
10.400000 -2.896649 -3.235009
10.600000 -1.826783 -2.222117
10.800000 -0.710665 -1.120636
11.000000 0.454009 0.025522
11.200000 1.589024 1.170661
11.400000 2.662159 2.269131
11.600000 3.634470 3.277137
11.800000 4.444364 4.154494
12.000000 5.098401 4.866224
12.200000 5.515471 5.383954
12.400000 5.746588 5.687042
12.600000 5.704102 5.763406
12.800000 5.475320 5.610001
13.000000 4.980077 5.232943
13.200000 4.328001 4.647264
13.400000 3.459240 3.876313
13.600000 2.488203 2.950826
13.800000 1.384924 1.907699
14.000000 0.250291 0.788518
14.200000 -0.910980 -0.362099
14.400000 -2.027667 -1.498280
14.600000 -3.061127 -2.574730
14.800000 -3.981198 -3.548533
15.000000 -4.721493 -4.380867
15.200000 -5.297738 -5.038550
15.400000 -5.626421 -5.495362
15.600000 -5.766639 -5.733091
15.800000 -5.631121 -5.742260
16.000000 -5.312878 -5.522503
16.200000 -4.734842 -5.082581
16.400000 -4.009057 -4.440033
16.600000 -3.080988 -3.620475
16.800000 -2.063787 -2.656580
17.000000 -0.934176 -1.586775
17.200000 0.211690 -0.453711
17.400000 1.362104 0.697441
17.600000 2.453296 1.820789
17.800000 3.440447 2.871547
18.000000 4.302374 3.807826
18.200000 4.968319 4.592299
18.400000 5.463073 5.193692
18.600000 5.701260 5.588028
18.800000 5.749680 5.759587
19.000000 5.521999 5.701530
19.200000 5.116339 5.416171
19.400000 4.459219 4.914886
19.600000 3.664383 4.217660
19.800000 2.682963 3.352289
20.000000 1.626126 2.353273
